<?xml version="1.0" encoding="UTF-8" standalone="no"?>
<!DOCTYPE svg PUBLIC "-//W3C//DTD SVG 20010904//EN"
              "http://www.w3.org/TR/2001/REC-SVG-20010904/DTD/svg10.dtd">

<svg xmlns="http://www.w3.org/2000/svg"
     width="0.972222in" height="0.972222in"
     viewBox="0 0 70 70">
  <path id="Unnamed"
        fill="none" stroke="black" stroke-width="1"
        d="M 29.10,25.03
           C 36.39,17.94 42.36,14.70 47.63,14.45
             52.89,14.19 56.75,20.15 56.70,22.26
             56.65,24.37 50.87,29.83 47.06,29.61
             43.25,29.39 41.65,22.63 41.32,22.59
             41.00,22.56 33.14,28.59 32.39,29.54
             31.64,30.48 25.43,37.43 25.53,38.48
             25.62,39.54 32.06,42.49 32.11,43.76
             32.16,45.03 26.42,52.56 25.06,52.92
             23.69,53.29 18.10,48.67 17.72,45.72
             17.25,41.32 22.14,32.05 27.88,26.23" />
</svg>
